0 0 0 0 0 0 0
-0.0968155   0.445139  0.0744158          0          0          0 -0.0491537
 0.0470927   0.638478   0.233135          0          0          0 -0.0270456
 -0.104435   0.833067   0.260251          0          0          0 -0.0262789
-0.211177   1.22877  0.356555         0         0         0 0.0671038
-0.238599   1.59881  0.461069         0         0         0 0.0913559
-0.185157   1.79744  0.499299         0         0         0  0.100244
-0.295049   2.04452  0.646073         0         0         0  0.128748
-0.0994487    2.26925   0.786753          0          0          0  0.0815364
-0.0892924    2.58338   0.848314          0          0          0  0.0545178
0.0258202   2.79165  0.975866         0         0         0 0.0322746
-5.39105e-05      3.23783      1.12962            0            0            0    0.0669895
-0.147616   3.45457   1.18471         0         0         0  0.090493
0.0208794    3.7611   1.17721 0.0406247 0.0406247 0.0406247  0.127441
 0.0927382    3.91824    1.39928  0.0368402  0.0368402  0.0368402 -0.0336508
 0.129155   4.10923   1.43701 0.0362789 0.0362789 0.0362789 -0.011537
  0.242254    4.36614    1.33573  0.0336658  0.0336658  0.0336658 -0.0453076
  0.340348    4.73841     1.3811  0.0326436  0.0326436  0.0326436 -0.0686906
-0.0401986    5.00031    1.43391  0.0310757  0.0310757  0.0310757  -0.051224
  0.162614    5.30149    1.41213  0.0797143  0.0797143  0.0797143 0.00154599
 0.405181   5.47005   1.37353 0.0738206 0.0738206 0.0738206   0.10094
  0.47901   5.85137   1.53232 0.0703219 0.0703219 0.0703219 0.0924022
 0.503187   6.05918    1.5029 0.0686425 0.0686425 0.0686425 0.0666283
  0.58967   6.18137   1.49047 0.0916767 0.0916767 0.0916767 0.0897123
  0.60454    6.3496   1.50056 0.0886646 0.0886646 0.0886646  0.083261
 0.260755   6.63377   1.54481 0.0856262 0.0856262 0.0856262  0.115915
 0.305306   6.86821   1.61176 0.0804324 0.0804324 0.0804324 0.0227789
   0.257699     7.04731     1.65482   0.0790153   0.0790153   0.0790153 -0.00765303
-0.0146217    7.40539    1.84189  0.0738485  0.0738485  0.0738485  0.0560541
   -0.34196     7.65972     2.00785   0.0706471   0.0706471   0.0706471 -0.00127921
 -0.183207    8.05988    2.03744  0.0661754  0.0661754  0.0661754 -0.0438513
-0.478295   8.37293   2.15519 0.0623226 0.0623226 0.0623226 0.0320667
-0.309242   8.56535   2.13649 0.0557523 0.0557523 0.0557523   0.15525
-0.243846   8.81138   1.87137 0.0448306 0.0448306 0.0448306 0.0985916
-0.0863248    9.22924    1.85265  0.0425659  0.0425659  0.0425659  0.0413107
-0.0413922    9.38902    1.79733  0.0409306  0.0409306  0.0409306  0.0892209
 0.221637   9.50641   1.66805 0.0374839 0.0374839 0.0374839  0.113147
  0.463858    9.70351    1.68445  0.0352354  0.0352354  0.0352354 0.00220601
 0.662505   10.0906    1.7038 0.0332106 0.0332106 0.0332106 0.0831915
  0.749243    10.2699    1.64985  0.0308623  0.0308623  0.0308623 -0.0405899
  0.72364   10.6414   1.86167 0.0285498 0.0285498 0.0285498 0.0101947
 0.987144   11.0287   2.01142 0.0265063 0.0265063 0.0265063 0.0378826
  0.975375    11.3485    2.18866  0.0246656  0.0246656  0.0246656 -0.0837259
   1.13416     11.309     2.3683  0.0234598  0.0234598  0.0234598 -0.0827017
   1.22279    11.4502    2.35663   0.022937   0.022937   0.022937 -0.0723441
  1.38319   11.7757   2.33437 0.0213396 0.0213396 0.0213396 -0.185844
   1.71567    11.6772    2.16483   0.145683   0.145683   0.145683 -0.0351766
  2.02774   11.5116    1.9776  0.103435  0.103435  0.103435 -0.234859
   2.31023    11.4383    1.83758   0.231851   0.231851   0.231851 -0.0579897
 2.61353  11.3596  1.68724 0.369729 0.369729 0.369729 0.131914
 2.78268  11.3158   1.6034  0.44662  0.44662  0.44662 0.237818
 2.87981   11.264  1.51767  0.41976  0.41976  0.41976 0.161744
 2.97996  11.2404  1.47139 0.471638 0.471638 0.471638  0.23669
 3.26954  11.1722  1.33757 0.621637 0.621637 0.621637  0.45339
 3.28259    10.99  1.33877 0.553217 0.553217 0.553217 0.487231
 3.31881   10.718   1.4184 0.439617 0.439617 0.439617 0.345628
 3.39583  10.7137  1.36286 0.322728 0.322728 0.322728 0.619651
 3.29935  10.5425   1.0808 0.240042 0.240042 0.240042 0.638494
 3.22955  10.6557 0.921954 0.189686 0.189686 0.189686 0.459685
  3.2341   10.497 0.808515  0.15505  0.15505  0.15505 0.311255
 2.98713  10.4959 0.753418 0.113367 0.113367 0.113367 0.274568
 3 10  0  0  0  0  0